[
  {
    "pose_id": 0,
    "T_base_to_end": [
      [
        0.18408489300325342,
        -0.17919897917065628,
        -0.9664370015847779,
        0.2454270289916065
      ],
      [
        0.19219428703147118,
        0.9708227501773478,
        -0.14340343012130394,
        0.014148681107307387
      ],
      [
        0.9639367760389922,
        -0.1593452653902393,
        0.21315482212999326,
        0.07200304551070746
      ],
      [
        0.0,
        0.0,
        0.0,
        1.0
      ]
    ],
    "T_cam_to_board": [
      [
        0.04628807639444261,
        -0.991735892243081,
        -0.11965506266147863,
        0.01355303035198093
      ],
      [
        0.9953787208321467,
        0.05588025294232327,
        -0.07809353011396922,
        -0.04151976562933492
      ],
      [
        0.08413451193334212,
        -0.11548730392524587,
        0.9897393932413807,
        0.18063330574285907
      ],
      [
        0.0,
        0.0,
        0.0,
        1.0
      ]
    ]
  },
  {
    "pose_id": 1,
    "T_base_to_end": [
      [
        0.46359065128542454,
        -0.2729059276112898,
        -0.8429745326612058,
        0.21890407801097425
      ],
      [
        0.2577419169077561,
        0.9517797203121554,
        -0.16638650267143204,
        0.01753999793409193
      ],
      [
        0.8477339277800982,
        -0.14013464481396581,
        0.5115754773377946,
        0.020804125275719766
      ],
      [
        0.0,
        0.0,
        0.0,
        1.0
      ]
    ],
    "T_cam_to_board": [
      [
        0.040144299635025235,
        -0.9412566496635442,
        -0.33529741226405774,
        0.0020102420601887908
      ],
      [
        0.9966465849681243,
        0.06166623680407367,
        -0.05378531314215357,
        -0.044333001608696604
      ],
      [
        0.07130231327375652,
        -0.33201384715488014,
        0.9405757733533366,
        0.23943345180765965
      ],
      [
        0.0,
        0.0,
        0.0,
        1.0
      ]
    ]
  },
  {
    "pose_id": 2,
    "T_base_to_end": [
      [
        0.33020163026788796,
        0.006020139828030416,
        -0.943891223226957,
        0.2396640052120096
      ],
      [
        0.14360601438895246,
        0.988018532264115,
        0.05653930079143133,
        -0.022181629446249455
      ],
      [
        0.9329223954862216,
        -0.1542178258798733,
        0.3253808018017292,
        0.0866288879784214
      ],
      [
        0.0,
        0.0,
        0.0,
        1.0
      ]
    ],
    "T_cam_to_board": [
      [
        -0.16488773693572167,
        -0.9622605980957131,
        -0.216486894662695,
        0.0021643497536741915
      ],
      [
        0.9830574693720688,
        -0.14251905019365546,
        -0.11526635347612155,
        -0.005357802853298566
      ],
      [
        0.0800627636295434,
        -0.23182506698883723,
        0.9694571120970853,
        0.15435407330471565
      ],
      [
        0.0,
        0.0,
        0.0,
        1.0
      ]
    ]
  },
  {
    "pose_id": 3,
    "T_base_to_end": [
      [
        -0.17016081040149444,
        -0.07898769991353374,
        -0.9822455099749133,
        0.27820453443778936
      ],
      [
        0.14592898792078235,
        0.9837719834847491,
        -0.1043906844258567,
        0.010218627860922076
      ],
      [
        0.9745511936722074,
        -0.16110129662064215,
        -0.15587284285347786,
        0.09800977724348811
      ],
      [
        0.0,
        0.0,
        0.0,
        1.0
      ]
    ],
    "T_cam_to_board": [
      [
        0.052047534714362395,
        -0.9593000465305683,
        0.2775508509383584,
        0.031001123925413765
      ],
      [
        0.9920397748783412,
        0.0177543889897848,
        -0.12466702343013536,
        -0.0349323176637876
      ],
      [
        0.11466533560535094,
        0.28183009491189726,
        0.9525878743782453,
        0.15393481647739113
      ],
      [
        0.0,
        0.0,
        0.0,
        1.0
      ]
    ]
  },
  {
    "pose_id": 4,
    "T_base_to_end": [
      [
        0.7002978268460495,
        -0.22442872649095075,
        -0.6776538205015535,
        0.19947568053969447
      ],
      [
        0.23955089334506313,
        0.9681298943381362,
        -0.0730744632988253,
        0.0020538503000634995
      ],
      [
        0.6724569303771684,
        -0.11115869023373334,
        0.7317413630328943,
        0.04824594590694158
      ],
      [
        0.0,
        0.0,
        0.0,
        1.0
      ]
    ],
    "T_cam_to_board": [
      [
        -0.04077239914643682,
        -0.7512711394928253,
        -0.6587330919522683,
        -0.02997965651993435
      ],
      [
        0.9982759835028177,
        -0.0027700900040562026,
        -0.058629236417095276,
        -0.03214403784295202
      ],
      [
        0.04222170329730729,
        -0.6599878798633513,
        0.7500888788697997,
        0.19650188150825157
      ],
      [
        0.0,
        0.0,
        0.0,
        1.0
      ]
    ]
  },
  {
    "pose_id": 5,
    "T_base_to_end": [
      [
        0.39024151603081303,
        0.056493859544574386,
        -0.9189776945060918,
        0.22602186129116703
      ],
      [
        0.1173435883901904,
        0.9869245746943484,
        0.11050052546523652,
        -0.030820181377067345
      ],
      [
        0.9132042714692521,
        -0.1509580329036442,
        0.37850975003581633,
        0.04636753078129291
      ],
      [
        0.0,
        0.0,
        0.0,
        1.0
      ]
    ],
    "T_cam_to_board": [
      [
        -0.2352045040835756,
        -0.9487721105097899,
        -0.21097469890391657,
        0.006063615624473448
      ],
      [
        0.966734571590905,
        -0.20591776224421154,
        -0.15173049556132684,
        0.008480365790330105
      ],
      [
        0.10051422461397558,
        -0.23964423112425498,
        0.9656435849417297,
        0.20659523090404644
      ],
      [
        0.0,
        0.0,
        0.0,
        1.0
      ]
    ]
  },
  {
    "pose_id": 6,
    "T_base_to_end": [
      [
        0.5031399238801634,
        -0.3819387349646034,
        -0.7752244963438027,
        0.2189370828388066
      ],
      [
        0.3258794741803697,
        0.9146674878039265,
        -0.23913585064222417,
        0.034161180059076056
      ],
      [
        0.8004078868338254,
        -0.1323109575511134,
        0.5846717243087085,
        0.03768279587799941
      ],
      [
        0.0,
        0.0,
        0.0,
        1.0
      ]
    ],
    "T_cam_to_board": [
      [
        0.13324100940690684,
        -0.8610971633690757,
        -0.49067148750458267,
        0.00032959523376527365
      ],
      [
        0.9892497239069528,
        0.14565599524981643,
        0.013012101974827134,
        -0.0638945175069712
      ],
      [
        0.060264559753195,
        -0.4871303791445538,
        0.8712474829531716,
        0.21072826052491106
      ],
      [
        0.0,
        0.0,
        0.0,
        1.0
      ]
    ]
  },
  {
    "pose_id": 7,
    "T_base_to_end": [
      [
        0.4142693662952374,
        -0.18332883994835603,
        -0.8914995393114532,
        0.23367660374402593
      ],
      [
        0.2113945348940797,
        0.9720984593491031,
        -0.10167072316068022,
        0.006762470285954258
      ],
      [
        0.885264504408857,
        -0.14633906441647734,
        0.4414653275846838,
        0.07118037478907355
      ],
      [
        0.0,
        0.0,
        0.0,
        1.0
      ]
    ],
    "T_cam_to_board": [
      [
        -0.037246315068126694,
        -0.9376089663339555,
        -0.3456908131032951,
        0.0008045229270527275
      ],
      [
        0.9961302093842259,
        -0.007277929829894177,
        -0.08758788551808674,
        -0.03021488431559269
      ],
      [
        0.07960727332338535,
        -0.3476153880189463,
        0.9342516920222587,
        0.16777687188007115
      ],
      [
        0.0,
        0.0,
        0.0,
        1.0
      ]
    ]
  },
  {
    "pose_id": 8,
    "T_base_to_end": [
      [
        0.3424738858014872,
        -0.36280087231084146,
        -0.8666528512585203,
        0.22575152276855712
      ],
      [
        0.2796133719987429,
        0.9199951088452726,
        -0.27463678176869866,
        0.03758004021895488
      ],
      [
        0.8969548482189746,
        -0.1482718002563786,
        0.4165182751155225,
        0.049399852557218196
      ],
      [
        0.0,
        0.0,
        0.0,
        1.0
      ]
    ],
    "T_cam_to_board": [
      [
        0.16101632675106162,
        -0.9381430038263755,
        -0.30653131469920114,
        0.001872153132675474
      ],
      [
        0.9838975713297694,
        0.17699477239928138,
        -0.024868045253052334,
        -0.06617495413384776
      ],
      [
        0.07758422295142636,
        -0.29759125476893955,
        0.9515356711306578,
        0.19999564332669192
      ],
      [
        0.0,
        0.0,
        0.0,
        1.0
      ]
    ]
  },
  {
    "pose_id": 9,
    "T_base_to_end": [
      [
        0.3172430072280468,
        -0.2027494051097054,
        -0.9264175910962434,
        0.24335283318783488
      ],
      [
        0.21248762260604506,
        0.9672386312874421,
        -0.1389188266018201,
        0.014113739510840792
      ],
      [
        0.9242325922645974,
        -0.15278124516070693,
        0.3499314311733195,
        0.10159530978804766
      ],
      [
        0.0,
        0.0,
        0.0,
        1.0
      ]
    ],
    "T_cam_to_board": [
      [
        0.011912579481763951,
        -0.9779838257748421,
        -0.20834041128137795,
        0.0017404528260733614
      ],
      [
        0.9967821106533115,
        0.028131669975367393,
        -0.07506019601577327,
        -0.03683441468134843
      ],
      [
        0.0792686213556156,
        -0.20677583434047622,
        0.9751719027951838,
        0.13252111410333564
      ],
      [
        0.0,
        0.0,
        0.0,
        1.0
      ]
    ]
  },
  {
    "pose_id": 10,
    "T_base_to_end": [
      [
        0.4490017205392362,
        -0.22453025421243172,
        -0.8648604626736659,
        0.22960077713863533
      ],
      [
        0.23224470174447293,
        0.96397261609328,
        -0.12968883503948447,
        0.012051744880796056
      ],
      [
        0.8628208698591079,
        -0.14262875013677462,
        0.48497132510076824,
        0.06595976027455225
      ],
      [
        0.0,
        0.0,
        0.0,
        1.0
      ]
    ],
    "T_cam_to_board": [
      [
        -0.007137406027256599,
        -0.9333009666375783,
        -0.3590241817880293,
        -0.00142166468074842
      ],
      [
        0.996787735553497,
        0.022000563085452278,
        -0.07700769749872169,
        -0.03568792041277305
      ],
      [
        0.07977009267472163,
        -0.3584205363777093,
        0.9301459301729924,
        0.16852022271731654
      ],
      [
        0.0,
        0.0,
        0.0,
        1.0
      ]
    ]
  },
  {
    "pose_id": 11,
    "T_base_to_end": [
      [
        0.41095888421240456,
        -0.36075056085912516,
        -0.8372406036061097,
        0.22450852272712557
      ],
      [
        0.294368234613206,
        0.9216919444531805,
        -0.2526485740724065,
        0.034839028776334775
      ],
      [
        0.8628210347097485,
        -0.14262886233137415,
        0.4849709988158653,
        0.06595982074269204
      ],
      [
        0.0,
        0.0,
        0.0,
        1.0
      ]
    ],
    "T_cam_to_board": [
      [
        0.1499950854967195,
        -0.9245921496712401,
        -0.3501868516851349,
        -0.00961308867322848
      ],
      [
        0.9860431740915654,
        0.16578015113379324,
        -0.015355791008198505,
        -0.06301280403370066
      ],
      [
        0.07225187301560149,
        -0.3429960615755982,
        0.9365539859449458,
        0.16894292936183813
      ],
      [
        0.0,
        0.0,
        0.0,
        1.0
      ]
    ]
  },
  {
    "pose_id": 12,
    "T_base_to_end": [
      [
        -0.08721061141384988,
        -0.11740901917523872,
        -0.9892469011693348,
        0.24415437911443016
      ],
      [
        0.15305184563541124,
        0.9796613634395763,
        -0.12976419202270206,
        0.01095181078780457
      ],
      [
        0.9843624544873794,
        -0.16272287853900194,
        -0.06746719940507738,
        0.134267992207025
      ],
      [
        0.0,
        0.0,
        0.0,
        1.0
      ]
    ],
    "T_cam_to_board": [
      [
        0.06187268317073655,
        -0.983169516603978,
        0.1718996006334917,
        -0.013888210027198238
      ],
      [
        0.9939647096331183,
        0.04506492447378564,
        -0.10001654156249823,
        -0.03814126388840641
      ],
      [
        0.09058657230078083,
        0.1770504284176468,
        0.980024090885486,
        0.10635952976313458
      ],
      [
        0.0,
        0.0,
        0.0,
        1.0
      ]
    ]
  },
  {
    "pose_id": 13,
    "T_base_to_end": [
      [
        0.17461442562558213,
        -0.04753673450456046,
        -0.9834887194249314,
        0.2466572287211779
      ],
      [
        0.166338456502439,
        0.9859022056487826,
        -0.018120672869728915,
        -0.008711437181390443
      ],
      [
        0.9704850953269892,
        -0.16042786469160655,
        0.18005993440701173,
        0.09915400708478578
      ],
      [
        0.0,
        0.0,
        0.0,
        1.0
      ]
    ],
    "T_cam_to_board": [
      [
        -0.0859431585278412,
        -0.9940862255428057,
        -0.0663803411283494,
        0.005853918577610658
      ],
      [
        0.9914561690711755,
        -0.07877326096972816,
        -0.10396844793928371,
        -0.01687058555208801
      ],
      [
        0.09812460605254322,
        -0.07474857551989054,
        0.9923629437583712,
        0.14060134800793525
      ],
      [
        0.0,
        0.0,
        0.0,
        1.0
      ]
    ]
  },
  {
    "pose_id": 14,
    "T_base_to_end": [
      [
        0.4533603868998505,
        -0.3046629294535408,
        -0.8376424410252893,
        0.2277790486469877
      ],
      [
        0.2729460659437377,
        0.9420758577147003,
        -0.19491927405197423,
        0.024886456620682916
      ],
      [
        0.8485073981267669,
        -0.1402625314469209,
        0.5102564233757836,
        0.049480708422008746
      ],
      [
        0.0,
        0.0,
        0.0,
        1.0
      ]
    ],
    "T_cam_to_board": [
      [
        0.09490422987950044,
        -0.9029935651208831,
        -0.4190415355322865,
        0.00419353739620916
      ],
      [
        0.9928109240931842,
        0.11669608198901743,
        -0.026617540262959233,
        -0.05628622266221017
      ],
      [
        0.07293597296407767,
        -0.4135028969652934,
        0.9075768276289856,
        0.19506253584444103
      ],
      [
        0.0,
        0.0,
        0.0,
        1.0
      ]
    ]
  }
]