%YAML:1.0
---
# T_cam_to_base: !!opencv-matrix
#    rows: 4
#    cols: 4
#    dt: d
#    data: [ 0.99793535117074517, 0.057201982036265142,
#        -0.029205618196294081, 0.20966786075202898, 0.05769228973350244,
#        -0.99820247324524192, 0.016230283804490944, 0.0032437503100650432,
#        -0.028224715913593657, -0.01788171295486618, -0.99944164899877774,
#        0.27306613043332684, 0., 0., 0., 1. ]
T_cam_to_base: !!opencv-matrix
   rows: 4
   cols: 4
   dt: d
   data: [ 1,0,0,0.215,0,-1,0,0,0,0,-1,0.273,0,0,0,1 ]
R_cam_to_base: !!opencv-matrix
   rows: 3
   cols: 3
   dt: d
   data: [ 0.99793535117074517, 0.057201982036265142,
       -0.029205618196294081, 0.05769228973350244, -0.99820247324524192,
       0.016230283804490944, -0.028224715913593657, -0.01788171295486618,
       -0.99944164899877774 ]
t_cam_to_base: !!opencv-matrix
   rows: 3
   cols: 1
   dt: d
   data: [ 0.20966786075202898, 0.0032437503100650432,
       0.27306613043332684 ]
euler_xyz_deg: !!opencv-matrix
   rows: 1
   cols: 3
   dt: d
   data: [ -178.97499030461992, 1.6173718906925327, 3.3086807826819333 ]
pos_std_m: 0.059300930079158987
rot_std_deg: 0.75796185964325169
num_poses: 15
